 [Next, Previous, First_Child, Parent]

[[[ 12  -1   1  -1]
  [ -1  -1   2   0]
  [  3  -1  -1   1]
  [  4   2  -1   1]
  [  7   3   5   1]
  [  6  -1  -1   4]
  [ -1   5  -1   4]
  [  8   4  -1   1]
  [  9   7  -1   1]
  [ 10   8  -1   1]
  [ 11   9  -1   1]
  [ -1  10  -1   1]
  [ 21   0  13  -1]
  [ -1  -1  14  12]
  [ 15  -1  -1  13]
  [ 16  14  -1  13]
  [ 17  15  -1  13]
  [ 18  16  -1  13]
  [ 19  17  -1  13]
  [ 20  18  -1  13]
  [ -1  19  -1  13]
  [ 22  12  -1  -1]
  [ 37  21  23  -1]
  [ -1  -1  24  22]
  [ 25  -1  -1  23]
  [ 26  24  -1  23]
  [ 27  25  -1  23]
  [ 28  26  -1  23]
  [ 29  27  -1  23]
  [ 30  28  -1  23]
  [ 32  29  31  23]
  [ -1  -1  -1  30]
  [ 33  30  -1  23]
  [ 34  32  -1  23]
  [ 35  33  -1  23]
  [ 36  34  -1  23]
  [ -1  35  -1  23]
  [ 38  22  -1  -1]
  [ 39  37  -1  -1]
  [ 41  38  40  -1]
  [ -1  -1  -1  39]
  [ 42  39  -1  -1]
  [ 43  41  -1  -1]
  [ 44  42  -1  -1]
  [ 45  43  -1  -1]
  [ 48  44  46  -1]
  [ 47  -1  -1  45]
  [ -1  46  -1  45]
  [ 49  45  -1  -1]
  [ 50  48  -1  -1]
  [ 51  49  -1  -1]
  [ 52  50  -1  -1]
  [ 53  51  -1  -1]
  [ 54  52  -1  -1]
  [ 55  53  -1  -1]
  [ 56  54  -1  -1]
  [ 57  55  -1  -1]
  [ 58  56  -1  -1]
  [ 59  57  -1  -1]
  [ 60  58  -1  -1]
  [ 61  59  -1  -1]
  [ 62  60  -1  -1]
  [ 63  61  -1  -1]
  [ 64  62  -1  -1]
  [ 65  63  -1  -1]
  [ 66  64  -1  -1]
  [ 67  65  -1  -1]
  [ 68  66  -1  -1]
  [ 69  67  -1  -1]
  [ 76  68  70  -1]
  [ -1  -1  71  69]
  [ 72  -1  -1  70]
  [ 74  71  73  70]
  [ -1  -1  -1  72]
  [ 75  72  -1  70]
  [ -1  74  -1  70]
  [ 77  69  -1  -1]
  [ 81  76  78  -1]
  [ 79  -1  -1  77]
  [ -1  78  80  77]
  [ -1  -1  -1  79]
  [ 87  77  82  -1]
  [ -1  -1  83  81]
  [ 84  -1  -1  82]
  [ 86  83  85  82]
  [ -1  -1  -1  84]
  [ -1  84  -1  82]
  [ 91  81  88  -1]
  [ 89  -1  -1  87]
  [ 90  88  -1  87]
  [ -1  89  -1  87]
  [110  87  92  -1]
  [ -1  -1  93  91]
  [ 94  -1  -1  92]
  [ 95  93  -1  92]
  [ 96  94  -1  92]
  [ 97  95  -1  92]
  [ 98  96  -1  92]
  [ 99  97  -1  92]
  [100  98  -1  92]
  [101  99  -1  92]
  [102 100  -1  92]
  [103 101  -1  92]
  [104 102  -1  92]
  [105 103  -1  92]
  [106 104  -1  92]
  [107 105  -1  92]
  [108 106  -1  92]
  [109 107  -1  92]
  [ -1 108  -1  92]
  [112  91 111  -1]
  [ -1  -1  -1 110]
  [113 110  -1  -1]
  [114 112  -1  -1]
  [115 113  -1  -1]
  [116 114  -1  -1]
  [117 115  -1  -1]
  [118 116  -1  -1]
  [119 117  -1  -1]
  [120 118  -1  -1]
  [123 119 121  -1]
  [122  -1  -1 120]
  [ -1 121  -1 120]
  [ -1 120 124  -1]
  [ -1  -1 125 123]
  [126  -1  -1 124]
  [128 125 127 124]
  [ -1  -1  -1 126]
  [129 126  -1 124]
  [ -1 128  -1 124]]]